Date,Open,High,Low,Close,Volume,OpenInt
2015-06-03,24.31,24.349,24.31,24.349,208,0
2015-06-04,24.069,24.069,24.069,24.069,1038,0
2015-06-05,23.866,23.953,23.866,23.953,1661,0
2015-06-08,23.953,23.953,23.953,23.953,103,0
2015-06-09,23.732,23.77,23.732,23.77,1038,0
2015-06-10,23.935,23.935,23.935,23.935,103,0
2015-06-11,24.137,24.137,24.098,24.098,831,0
2015-06-12,24.098,24.098,24.098,24.098,103,0
2015-06-15,23.78,23.935,23.78,23.935,3634,0
2015-06-16,23.906,23.935,23.886,23.935,934,0
2015-06-18,24.185,24.242,24.127,24.242,519,0
2015-06-19,24.195,24.271,24.195,24.271,2492,0
2015-06-22,24.453,24.463,24.407,24.444,4465,0
2015-06-23,24.453,24.453,24.453,24.453,2092,0
2015-06-24,24.281,24.291,24.281,24.291,2595,0
2015-06-26,24.176,24.176,24.176,24.176,1964,0
2015-06-29,23.305,23.953,23.305,23.759,5582,0
2015-06-30,23.818,23.818,23.818,23.818,351,0
2015-07-02,23.788,23.788,23.779,23.779,414,0
2015-07-07,23.392,23.479,23.392,23.479,4238,0
2015-07-08,22.995,23.005,22.995,22.995,930,0
2015-07-09,22.995,22.995,22.995,22.995,103,0
2015-07-10,24.137,24.137,24.137,24.137,207,0
2015-07-13,24.137,24.137,24.137,24.137,103,0
2015-07-17,24.011,24.011,24.011,24.011,207,0
2015-07-20,24.011,24.011,24.011,24.011,103,0
2015-07-22,24.011,24.011,24.011,24.011,103,0
2015-07-24,23.43,23.43,23.382,23.382,723,0
2015-07-29,23.382,23.382,23.382,23.382,103,0
2015-08-03,23.634,23.769,23.537,23.712,7234,0
2015-08-04,23.702,23.702,23.702,23.702,1034,0
2015-08-06,23.702,23.702,23.702,23.702,135,0
2015-08-10,23.982,23.982,23.953,23.953,827,0
2015-08-17,23.702,23.702,23.634,23.634,1758,0
2015-08-18,23.934,23.934,23.934,23.934,310,0
2015-08-21,22.715,22.715,22.366,22.396,1344,0
2015-08-24,21.312,23.315,21.312,21.573,4263,0
2015-08-25,22.115,22.115,21.922,21.922,930,0
2015-08-27,22.454,22.464,22.454,22.464,3101,0
2015-08-31,22.308,22.337,22.308,22.337,827,0
2015-09-01,21.67,21.728,21.67,21.728,517,0
2015-09-09,21.728,21.728,21.728,21.728,103,0
2015-09-10,21.728,21.728,21.728,21.728,40,0
2015-09-11,22.075,22.232,22.075,22.232,2067,0
2015-09-15,22.444,22.444,22.444,22.444,103,0
2015-09-16,22.444,22.444,22.444,22.444,207,0
2015-09-18,22.405,22.415,22.405,22.405,1137,0
2015-09-23,21.882,21.882,21.882,21.882,827,0
2015-09-28,21.447,21.447,21.254,21.254,2987,0
2015-09-29,21.274,21.274,21.274,21.274,2274,0
2015-09-30,21.583,21.583,21.583,21.583,930,0
2015-10-01,21.544,21.544,21.544,21.544,2067,0
2015-10-05,22.308,22.328,22.308,22.328,955,0
2015-10-06,22.405,22.405,22.232,22.27,827,0
2015-10-13,22.27,22.27,22.27,22.27,103,0
2015-10-16,22.802,22.802,22.802,22.802,310,0
2015-10-21,22.686,22.686,22.686,22.686,207,0
2015-10-27,22.985,22.995,22.899,22.947,1447,0
2015-10-28,23.122,23.122,23.034,23.122,2170,0
2015-11-02,23.208,23.296,23.208,23.296,1344,0
2015-11-03,23.325,23.325,23.325,23.325,1240,0
2015-11-04,23.218,23.228,23.218,23.228,1554,0
2015-11-06,23.266,23.266,23.208,23.208,207,0
2015-11-09,22.869,23.025,22.782,22.832,5946,0
2015-11-10,22.879,22.947,22.879,22.937,827,0
2015-11-12,22.802,22.841,22.802,22.841,310,0
2015-11-16,22.483,22.483,22.483,22.483,103,0
2015-11-18,23.286,23.286,23.286,23.286,207,0
2015-11-19,23.286,23.286,23.286,23.286,103,0
2015-11-20,23.14,23.14,23.14,23.14,414,0
2015-11-23,23.073,23.073,23.073,23.073,310,0
2015-11-24,22.975,22.975,22.975,22.975,620,0
2015-11-25,23.132,23.218,23.132,23.218,1860,0
2015-11-30,23.112,23.112,23.112,23.112,723,0
2015-12-01,23.218,23.459,23.218,23.45,36537,0
2015-12-03,23.102,23.122,22.86,22.86,7143,0
2015-12-09,22.889,23.015,22.609,22.715,40521,0
2015-12-10,22.686,22.686,22.686,22.686,414,0
2015-12-11,22.415,22.415,22.328,22.376,1860,0
2015-12-14,22.251,22.251,22.251,22.251,1034,0
2015-12-15,22.444,22.502,22.435,22.435,4134,0
2015-12-16,22.619,22.628,22.521,22.55,10750,0
2015-12-17,22.454,22.454,22.347,22.435,5789,0
2015-12-18,22.115,22.328,22.115,22.318,4134,0
2015-12-21,22.4,22.409,22.332,22.361,5762,0
2015-12-22,22.458,22.458,22.419,22.419,206,0
2015-12-23,22.419,22.419,22.419,22.419,103,0
2015-12-28,22.555,22.768,22.555,22.735,3163,0
2015-12-29,22.954,23.051,22.954,22.962,981,0
2015-12-30,23.226,23.226,22.925,22.925,952,0
2015-12-31,22.749,22.749,22.749,22.749,206,0
2016-01-04,22.185,22.185,22.185,22.185,246,0
2016-01-05,22.108,22.108,21.943,21.943,1556,0
2016-01-07,21.525,21.525,21.525,21.525,1100,0
2016-01-08,21.651,21.651,21.379,21.379,2308,0
2016-01-11,20.971,20.971,20.709,20.709,2471,0
2016-01-12,21.505,21.505,21.165,21.194,4872,0
2016-01-13,20.883,20.883,20.883,20.883,103,0
2016-01-15,20.184,20.315,20.164,20.164,3794,0
2016-01-19,20.689,20.689,20.524,20.534,926,0
2016-01-20,19.669,20.116,19.65,20.086,10110,0
2016-01-21,20.408,20.408,20.408,20.408,402,0
2016-01-22,20.66,20.66,20.66,20.66,242,0
2016-01-25,20.544,20.544,20.544,20.544,578,0
2016-01-26,20.592,20.725,20.582,20.719,2141,0
2016-01-28,20.544,20.544,20.534,20.534,1131,0
2016-02-01,20.718,20.873,20.718,20.873,1992,0
2016-02-02,20.854,20.854,20.699,20.699,3730,0
2016-02-03,21.087,21.087,20.485,20.573,4523,0
2016-02-04,20.747,20.893,20.709,20.893,1532,0
2016-02-08,20.067,20.475,19.853,19.912,9471,0
2016-02-09,19.902,20.029,19.892,20.009,8639,0
2016-02-10,20.174,20.203,20.126,20.193,2404,0
2016-02-11,20.009,20.026,19.679,19.679,8066,0
2016-02-16,20.489,20.489,20.489,20.489,128,0
2016-02-17,20.883,20.893,20.864,20.864,6474,0
2016-02-18,20.951,20.951,20.951,20.951,302,0
2016-02-22,21.117,21.146,21.117,21.127,3361,0
2016-02-29,21.107,21.146,20.836,20.881,7877,0
2016-03-01,21.457,21.457,21.457,21.457,128,0
2016-03-02,21.321,21.438,21.263,21.438,6657,0
2016-03-15,21.807,21.807,21.768,21.768,790,0
2016-03-22,22.264,22.264,22.264,22.264,617,0
2016-03-23,22.332,22.332,22.235,22.235,217,0
2016-03-28,22.108,22.108,22.108,22.108,159,0
2016-03-31,22.467,22.467,22.467,22.467,206,0
2016-04-01,22.185,22.185,22.185,22.185,549,0
2016-04-13,22.716,22.716,22.716,22.716,216,0
2016-04-14,22.701,22.71,22.701,22.71,4423,0
2016-04-15,22.652,22.681,22.652,22.681,1191,0
2016-04-19,23.012,23.012,23.012,23.012,617,0
2016-04-20,22.944,23.041,22.944,23.009,11555,0
2016-04-21,22.802,22.802,22.802,22.802,103,0
2016-04-26,22.789,22.856,22.789,22.856,12916,0
2016-04-28,22.827,22.837,22.614,22.614,1423,0
2016-05-11,22.225,22.235,22.225,22.235,940,0
2016-05-13,22.195,22.195,22.078,22.078,550,0
2016-05-16,22.118,22.235,22.118,22.235,3695,0
2016-05-17,21.991,22.031,21.976,22.031,2368,0
2016-05-18,21.981,22.04,21.894,22.04,902,0
2016-05-19,21.837,21.845,21.797,21.845,875,0
2016-05-20,22.088,22.128,22.088,22.128,1048,0
2016-05-23,22.108,22.108,22.06,22.06,1075,0
2016-05-24,22.278,22.278,22.254,22.259,1029,0
2016-05-25,22.467,22.467,22.438,22.438,4939,0
2016-05-26,22.477,22.497,22.477,22.497,967,0
2016-05-27,22.516,22.516,22.516,22.516,1091,0
2016-05-31,22.633,22.633,22.516,22.516,926,0
2016-06-03,22.633,22.633,22.633,22.633,1029,0
2016-06-06,22.768,22.823,22.768,22.818,1335,0
2016-06-07,22.954,22.977,22.944,22.96,9958,0
2016-06-14,21.904,21.904,21.904,21.904,189,0
2016-06-15,22.13,22.13,22.13,22.13,720,0
2016-06-20,22.594,22.594,22.594,22.594,246,0
2016-06-21,22.604,22.604,22.604,22.604,412,0
2016-06-22,22.63,22.631,22.614,22.63,2547,0
2016-06-23,22.906,22.974,22.906,22.974,6623,0
2016-06-24,22.093,22.093,22.093,22.093,1822,0
2016-06-29,21.966,22.101,21.966,22.101,1195,0
2016-06-30,22.071,22.185,22.071,22.184,15380,0
2016-07-01,22.474,22.483,22.474,22.483,586,0
2016-07-06,21.885,21.885,21.85,21.85,403,0
2016-07-07,22.229,22.248,22.101,22.101,3936,0
2016-07-13,22.788,22.808,22.778,22.798,2905,0
2016-07-15,22.847,23.033,22.847,23.033,8304,0
2016-07-19,23.308,23.308,23.033,23.116,2501,0
2016-07-21,23.024,23.063,22.935,22.964,2751,0
2016-07-22,22.985,22.985,22.985,22.985,133,0
2016-07-28,23.337,23.337,23.269,23.337,509,0
2016-08-03,22.896,23.072,22.896,23.072,1000,0
2016-08-04,23.082,23.237,23.082,23.082,333,0
2016-08-11,23.749,23.749,23.749,23.749,306,0
2016-08-12,23.577,23.577,23.577,23.577,152,0
2016-08-24,23.623,23.623,23.623,23.623,142,0
2016-08-29,23.509,23.58,23.509,23.58,2755,0
2016-08-30,23.515,23.515,23.515,23.515,2325,0
2016-09-01,23.573,23.573,23.573,23.573,849,0
2016-09-06,23.975,23.975,23.975,23.975,280,0
2016-09-19,23.507,23.507,23.507,23.507,249,0
2016-09-26,23.661,23.661,23.661,23.661,162,0
2016-10-13,23.161,23.19,23.161,23.19,356,0
2016-10-20,23.455,23.455,23.455,23.455,136,0
2016-10-21,23.225,23.225,23.225,23.225,135,0
2016-10-24,23.447,23.477,23.447,23.477,337,0
2016-10-25,23.524,23.524,23.21,23.275,516,0
2016-10-26,23.347,23.455,23.347,23.455,4424,0
2016-10-27,23.416,23.426,23.416,23.426,343,0
2016-11-01,23.524,23.524,23.141,23.19,2170,0
2016-11-02,23.308,23.308,23.308,23.308,1020,0
2016-11-03,23.186,23.186,23.186,23.186,102,0
2016-11-08,23.465,23.465,23.465,23.465,102,0
2016-11-09,23.263,23.263,23.263,23.263,318,0
2016-11-17,23.538,23.573,23.412,23.556,2076,0
2016-11-21,23.858,23.858,23.623,23.623,3638,0
2016-11-22,23.867,23.867,23.867,23.867,337,0
2016-11-23,23.769,23.917,23.71,23.71,2670,0
2016-11-25,23.78,24.015,23.78,24.005,1005,0
2016-11-28,24.025,24.025,24.025,24.025,214,0
2016-12-01,23.779,23.779,23.565,23.565,298,0
2016-12-07,23.789,24.085,23.789,24.085,531,0
2016-12-08,24.348,24.348,24.348,24.348,194,0
2016-12-09,24.297,24.496,24.297,24.459,379,0
2016-12-12,24.446,24.446,24.209,24.209,1685,0
2016-12-13,24.426,24.426,24.426,24.426,171,0
2016-12-14,24.196,24.196,24.196,24.196,199,0
2016-12-15,23.811,24.211,23.811,24.211,677,0
2016-12-19,23.759,23.759,23.759,23.759,342,0
2016-12-20,23.856,23.856,23.856,23.856,408,0
2016-12-21,24.105,24.105,24.105,24.105,145,0
2016-12-27,23.852,23.852,23.808,23.808,1508,0
2016-12-29,23.804,23.804,23.804,23.804,118,0
2016-12-30,23.887,23.887,23.887,23.887,437,0
2017-01-03,24.118,24.118,24.115,24.115,642,0
2017-01-04,24.363,24.363,24.363,24.363,336,0
2017-01-06,24.462,24.462,24.344,24.344,549,0
2017-01-09,24.347,25.067,24.347,24.432,3849,0
2017-01-10,24.492,25.176,24.492,24.611,11057,0
2017-01-11,24.614,24.65,24.597,24.597,898,0
2017-01-12,24.66,24.66,24.66,24.66,183,0
2017-01-13,24.573,24.759,24.532,24.73,2614,0
2017-01-17,24.839,24.839,24.631,24.71,3796,0
2017-01-18,24.482,24.532,24.482,24.532,605,0
2017-01-19,24.67,24.769,24.551,24.769,2633,0
2017-01-23,24.482,24.968,24.482,24.968,458,0
2017-01-25,25.344,25.344,25.344,25.344,403,0
2017-01-26,25.691,25.721,25.691,25.721,322,0
2017-01-27,25.721,25.721,25.523,25.523,2149,0
2017-01-30,25.949,25.949,25.295,25.384,410,0
2017-01-31,24.917,24.917,24.764,24.829,4237,0
2017-02-01,25.676,25.77,25.106,25.116,507695,0
2017-02-02,25.077,25.324,24.978,25.324,2120,0
2017-02-03,25.671,25.671,25.186,25.235,613,0
2017-02-07,25.77,25.77,25.275,25.294,13490,0
2017-02-09,25.077,25.343,25.077,25.343,979,0
2017-02-13,25.067,25.171,25.067,25.171,1498,0
2017-02-14,25.146,25.255,25.106,25.255,9216,0
2017-02-15,25.347,25.354,25.347,25.354,987,0
2017-02-16,25.235,25.235,25.235,25.235,3012,0
2017-02-17,25.295,25.295,25.186,25.186,1513,0
2017-02-21,25.384,25.404,25.354,25.404,6961,0
2017-02-22,25.393,25.393,25.393,25.393,1049,0
2017-02-23,25.453,25.492,25.364,25.414,13733,0
2017-02-24,25.265,25.265,25.176,25.176,12914,0
2017-02-28,25.215,25.245,25.206,25.245,5510,0
2017-03-01,25.354,25.43,25.344,25.43,3279,0
2017-03-02,25.263,25.263,25.263,25.263,191,0
2017-03-03,25.255,25.255,25.255,25.255,1947,0
2017-03-06,25.178,25.178,25.178,25.178,378,0
2017-03-07,25.142,25.142,25.142,25.142,127,0
2017-03-09,25.126,25.126,25.085,25.085,1503,0
2017-03-14,25.324,25.324,25.235,25.235,9303,0
2017-03-15,25.622,25.622,25.622,25.622,3027,0
2017-03-16,25.721,25.721,25.711,25.711,647,0
2017-03-17,25.652,25.759,25.652,25.759,3547,0
2017-03-20,25.759,25.759,25.759,25.759,0,0
2017-03-21,25.989,25.989,25.493,25.533,2536,0
2017-03-23,25.66,25.66,25.611,25.611,550,0
2017-03-24,25.652,25.652,25.612,25.612,7415,0
2017-03-27,25.453,25.453,25.453,25.453,593,0
2017-03-29,25.591,25.591,25.591,25.591,504,0
2017-03-30,25.602,25.721,25.602,25.663,4008,0
2017-04-03,25.523,25.523,25.523,25.523,141,0
2017-04-04,25.463,25.463,25.463,25.463,391,0
2017-04-07,25.523,25.523,25.374,25.385,17080,0
2017-04-10,25.344,25.359,25.324,25.324,7876,0
2017-04-11,25.225,25.225,25.215,25.215,1009,0
2017-04-12,25.266,25.266,25.265,25.265,404,0
2017-04-13,25.295,25.295,25.295,25.295,17759,0
2017-04-18,25.373,25.373,25.345,25.345,317,0
2017-04-24,25.899,25.93,25.899,25.922,4375,0
2017-04-25,26.157,26.157,26.122,26.122,1855,0
2017-04-26,26.079,26.093,26.079,26.093,1390,0
2017-04-27,26.147,26.147,26.006,26.023,758,0
2017-05-02,26.197,26.197,26.197,26.197,202,0
2017-05-03,26.058,26.137,26.038,26.137,4664,0
2017-05-04,26.048,26.048,26.048,26.048,101,0
2017-05-05,26.187,26.286,26.187,26.286,1453,0
2017-05-08,26.226,26.226,26.226,26.226,101,0
2017-05-09,26.335,26.335,26.259,26.259,1231,0
2017-05-10,26.335,26.36,26.335,26.36,979,0
2017-05-11,26.296,26.296,26.296,26.296,393,0
2017-05-12,26.311,26.311,26.311,26.311,101,0
2017-05-15,26.454,26.593,26.454,26.521,2402,0
2017-05-16,26.593,26.593,26.545,26.545,1229,0
2017-05-17,26.271,26.375,26.206,26.206,2448,0
2017-05-18,26.162,26.162,26.137,26.137,711,0
2017-05-19,26.36,26.36,26.36,26.36,101,0
2017-05-22,26.583,26.613,26.583,26.603,1259,0
2017-05-23,26.603,26.603,26.603,26.603,565,0
2017-05-24,26.514,26.682,26.514,26.682,4136,0
2017-05-25,26.811,26.831,26.707,26.813,11034,0
2017-05-26,26.831,26.831,26.801,26.801,1715,0
2017-05-30,26.772,26.851,26.772,26.851,757,0
2017-05-31,26.801,26.831,26.801,26.821,1986,0
2017-06-01,26.861,27.059,26.861,27.04,9833,0
2017-06-02,27.198,27.277,27.198,27.277,323,0
2017-06-05,27.205,27.207,27.099,27.099,681,0
2017-06-06,27.128,27.128,27.029,27.029,2310,0
2017-06-08,27.089,27.158,27.073,27.089,8141,0
2017-06-09,27.089,27.203,26.91,26.98,13765,0
2017-06-12,26.95,27.009,26.801,27.009,9130,0
2017-06-13,27.168,27.208,27.168,27.208,11778,0
2017-06-14,27.208,27.208,27.208,27.208,118,0
2017-06-15,26.9,26.9,26.821,26.836,1406,0
2017-06-19,27.257,27.319,27.257,27.319,25169,0
2017-06-20,27.18,27.19,27.18,27.1852,1021,0
2017-06-21,27.17,27.17,27.079,27.14,3000,0
2017-06-22,27.0794,27.0794,27.0794,27.0794,593,0
2017-06-23,27.09,27.28,27.08,27.27,24791,0
2017-06-26,27.43,27.43,27.38,27.39,741,0
2017-06-27,27.2232,27.2794,27.1912,27.1912,1532,0
2017-06-28,27.3677,27.39,27.31,27.39,3703,0
2017-06-29,27.28,27.28,27.04,27.06,1348,0
2017-06-30,27.264,27.31,27.264,27.31,2960,0
2017-07-03,27.36,27.36,27.23,27.31,4337,0
2017-07-05,27.1101,27.3,27.1101,27.3,9929,0
2017-07-06,27.11,27.2,27.11,27.125,1196,0
2017-07-10,27.36,27.38,27.28,27.28,4150,0
2017-07-11,27.43,27.4499,27.35,27.35,4680,0
2017-07-12,27.55,27.745,27.55,27.745,535,0
2017-07-13,27.7686,27.819,27.72,27.72,2000,0
2017-07-14,27.865,27.945,27.865,27.9,1939,0
2017-07-17,27.9,27.995,27.9,27.91,3619,0
2017-07-18,27.88,27.88,27.88,27.88,400,0
2017-07-19,28.02,28.08,28.02,28.08,400,0
2017-07-20,28.13,28.16,28.1,28.16,915,0
2017-07-21,28.05,28.07,28.05,28.07,1015,0
2017-07-24,28.06,28.113,28.06,28.113,560,0
2017-07-25,28.13,28.1499,28.12,28.14,3918,0
2017-07-26,28.09,28.09,28.07,28.07,752,0
2017-07-27,28.11,28.11,27.91,27.91,1750,0
2017-07-28,27.94,27.94,27.85,27.92,8735,0
2017-07-31,27.99,28.0205,27.9501,27.9501,1891,0
2017-08-01,28.12,28.12,28.0803,28.0803,551,0
2017-08-02,28.09,28.09,28.04,28.04,1665,0
2017-08-03,28,28.02,28,28,1976,0
2017-08-04,28,28,28,28,1987,0
2017-08-07,28.138,28.16,28.138,28.16,3998,0
2017-08-08,28.13,28.29,28.06,28.06,2354,0
2017-08-09,28,28,27.995,27.995,2315,0
2017-08-10,27.85,27.85,27.52,27.52,1446,0
2017-08-11,27.52,27.61,27.48,27.48,920,0
2017-08-14,27.8281,27.86,27.8212,27.86,1937,0
2017-08-15,27.85,27.865,27.76,27.865,3138,0
2017-08-16,27.88,28.01,27.88,27.9686,2017,0
2017-08-17,27.86,27.91,27.6108,27.6108,3081,0
2017-08-18,27.6,27.729,27.6,27.71,507,0
2017-08-21,27.61,27.685,27.52,27.64,7993,0
2017-08-22,27.86,27.955,27.85,27.91,2615,0
2017-08-23,27.942,27.95,27.9071,27.91,2836,0
2017-08-24,27.92,27.92,27.88,27.88,534,0
2017-08-25,28.08,28.08,27.95,27.95,2308,0
2017-08-28,28.07,28.07,27.97,27.97,2311,0
2017-08-29,27.882,27.882,27.882,27.882,300,0
2017-08-30,27.99,28.06,27.99,28.06,315,0
2017-08-31,28.21,28.21,28.21,28.21,180,0
2017-09-01,28.26,28.37,28.26,28.3417,3868,0
2017-09-05,28.21,28.22,28.01,28.0662,2573,0
2017-09-07,28.29,28.29,28.252,28.255,1767,0
2017-09-11,28.6,28.66,28.6,28.66,801,0
2017-09-12,28.6599,28.6599,28.59,28.59,647,0
2017-09-13,28.5497,28.5999,28.5497,28.5999,387,0
2017-09-14,28.46,28.62,28.46,28.53,1088,0
2017-09-15,28.53,28.53,28.53,28.53,0,0
2017-09-18,28.981,28.981,28.94,28.9634,1034,0
2017-09-19,28.94,29,28.94,29,1056,0
2017-09-21,28.88,28.88,28.87,28.87,731,0
2017-09-22,28.9128,28.9128,28.9128,28.9128,120,0
2017-09-25,28.77,28.8075,28.6856,28.7094,3335,0
2017-09-26,28.7899,28.79,28.775,28.79,681,0
2017-09-27,28.78,28.78,28.72,28.7438,5576,0
2017-09-28,28.74,28.74,28.74,28.74,400,0
2017-09-29,28.89,29.059,28.89,29,694,0
2017-10-02,28.99,29.159,28.99,29.159,693,0
2017-10-03,29.24,29.35,29.19,29.35,3773,0
2017-10-04,29.24,29.41,29.24,29.35,2256,0
2017-10-05,29.31,29.47,29.31,29.37,5818,0
2017-10-06,29.3596,29.409,29.3596,29.37,1268,0
2017-10-09,29.43,29.43,29.399,29.399,313,0
2017-10-10,29.5,29.5,29.5,29.5,200,0
2017-10-11,29.58,29.58,29.5572,29.5572,295,0
2017-10-12,29.54,29.73,29.54,29.699,2229,0
2017-10-13,29.85,29.85,29.8324,29.8324,1910,0
2017-10-16,29.71,29.75,29.69,29.69,1020,0
2017-10-17,29.64,29.69,29.64,29.69,1269,0
2017-10-18,29.64,29.779,29.64,29.77,5216,0
2017-10-19,29.48,29.66,29.48,29.6515,8354,0
2017-10-20,29.785,29.96,29.785,29.83,4551,0
2017-10-23,29.93,29.93,29.83,29.83,9003,0
2017-10-24,29.915,29.915,29.82,29.82,483,0
2017-10-25,29.739,29.739,29.68,29.69,1994,0
2017-10-26,29.85,29.88,29.8132,29.8132,8286,0
2017-10-27,29.88,29.95,29.82,29.9344,4506,0
2017-10-30,29.8776,29.9601,29.73,29.8,9570,0
2017-10-31,29.9699,30.019,29.89,29.89,3495,0
2017-11-01,30.07,30.17,30,30,7180,0
2017-11-02,29.99,30.18,29.9697,29.98,5880,0
2017-11-03,29.94,30.17,29.94,30,1674,0
2017-11-06,30.074,30.175,30.05,30.175,6974,0
2017-11-07,30.19,30.19,29.98,30.05,10567,0
2017-11-08,30.21,30.21,30.05,30.21,7877,0
2017-11-09,30.01,30.01,29.87,29.8882,4034,0
2017-11-10,30.0078,30.016,29.9997,29.9997,863,0
